28
0 954 1416 1274 1235 1568 1331 983 1354 1003 993 917 1072 868 1455 889 1333 840 828 811 986 1382 1225 909 935 858 1317 790 
954 0 1029 1303 861 1018 1263 990 1210 1190 1255 1059 1050 1522 1497 1201 1022 918 1482 1346 845 1460 1143 1023 944 1489 1135 987 
1416 1029 0 1019 1272 1066 1250 1361 1397 1238 1383 1421 1042 1156 1307 1171 1038 956 1348 1149 1152 1478 1223 871 885 914 1269 1016 
1274 1303 1019 0 1172 1511 1371 1426 1123 1013 869 959 1453 1053 1385 911 1501 888 1539 1166 1077 1505 1542 1110 834 1178 996 1084 
1235 861 1272 1172 0 802 1008 1525 1433 1449 876 1268 1254 1093 1329 863 1030 1108 1118 1527 1551 879 1070 867 1403 1322 1535 1025 
1568 1018 1066 1511 802 0 1463 1196 818 1393 793 985 1089 1510 1321 788 1404 1345 1298 1389 1309 1324 1151 1117 1432 1261 974 1052 
1331 1263 1250 1371 1008 1463 0 1500 1061 1259 1517 1128 946 807 1305 1150 1440 1553 1097 1518 1032 1164 947 1566 1069 1277 943 1486 
983 990 1361 1426 1525 1196 1500 0 1384 940 1388 1014 842 979 1082 1264 1320 1009 1176 1064 1514 1465 1430 1557 1011 897 1205 1294 
1354 1210 1397 1123 1433 818 1061 1384 0 1531 1245 813 1562 1363 1219 1098 1299 966 1467 1419 1222 1418 1374 1046 1169 1545 826 1496 
1003 1190 1238 1013 1449 1393 1259 940 1531 0 886 1010 1459 1476 1523 1396 1248 1099 928 1487 1189 948 901 968 913 1549 1120 1184 
993 1255 1383 869 876 793 1517 1388 1245 886 0 1520 903 1220 884 1438 1266 1490 1390 1405 1485 1177 1380 883 798 1139 1386 1242 
917 1059 1421 959 1268 985 1128 1014 813 1010 1520 0 1055 1015 915 812 1251 1541 1039 1037 1161 838 1275 1441 1002 1167 1231 1313 
1072 1050 1042 1453 1254 1089 946 842 1562 1459 903 1055 0 1521 1350 823 936 1292 953 789 1154 963 1395 1450 967 905 1012 1334 
868 1522 1156 1053 1093 1510 807 979 1363 1476 1220 1015 1521 0 1422 844 1267 1356 1538 1024 1159 1063 1035 1316 853 1049 1202 941 
1455 1497 1307 1385 1329 1321 1305 1082 1219 1523 884 915 1350 1422 0 857 1180 945 1407 1411 1221 923 1515 1217 847 1265 1502 1174 
889 1201 1171 911 863 788 1150 1264 1098 1396 1438 812 823 844 857 0 850 1343 815 1424 937 1337 1212 1021 1227 1004 1279 1526 
1333 1022 1038 1501 1030 1404 1440 1320 1299 1248 1266 1251 936 1267 1180 850 0 1554 1115 1005 1160 1360 1326 995 1439 1096 934 1308 
840 918 956 888 1108 1345 1553 1009 966 1099 1490 1541 1292 1356 945 1343 1554 0 1031 894 1469 1165 1284 1529 1494 1370 1503 1567 
828 1482 1348 1539 1118 1298 1097 1176 1467 928 1390 1039 953 1538 1407 815 1115 1031 0 1017 865 1145 1001 1491 874 1315 848 989 
811 1346 1149 1166 1527 1389 1518 1064 1419 1487 1405 1037 789 1024 1411 1424 1005 894 1017 0 1451 1136 1133 1506 1058 1310 1347 852 
986 845 1152 1077 1551 1309 1032 1514 1222 1189 1485 1161 1154 1159 1221 937 1160 1469 865 1451 0 1226 1473 1246 1512 1131 1126 824 
1382 1460 1478 1505 879 1324 1164 1465 1418 948 1177 838 963 1063 923 1337 1360 1165 1145 1136 1226 0 1103 1319 1199 932 832 1428 
1225 1143 1223 1542 1070 1151 947 1430 1374 901 1380 1275 1395 1035 1515 1212 1326 1284 1001 1133 1473 1103 0 999 791 843 1372 805 
909 1023 871 1110 867 1117 1566 1557 1046 968 883 1441 1450 1316 1217 1021 995 1529 1491 1506 1246 1319 999 0 1081 864 1236 1457 
935 944 885 834 1403 1432 1069 1011 1169 913 798 1002 967 853 847 1227 1439 1494 874 1058 1512 1199 791 1081 0 1200 1377 806 
858 1489 914 1178 1322 1261 1277 897 1545 1549 1139 1167 905 1049 1265 1004 1096 1370 1315 1310 1131 932 843 864 1200 0 1244 1400 
1317 1135 1269 996 1535 974 943 1205 826 1120 1386 1231 1012 1202 1502 1279 934 1503 848 1347 1126 832 1372 1236 1377 1244 0 1085 
790 987 1016 1084 1025 1052 1486 1294 1496 1184 1242 1313 1334 941 1174 1526 1308 1567 989 852 824 1428 805 1457 806 1400 1085 0 
